function mpc = System
%CASE118    Power flow data for IEEE 118 bus test case.
%   Please see CASEFORMAT for details on the case file format.
%   This data was converted from IEEE Common Data Format
%   (ieee118cdf.txt) on 15-Oct-2014 by cdf2matp, rev. 2393
%   See end of file for warnings generated during conversion.
%
%   Converted from IEEE CDF file from:
%       http://www.ee.washington.edu/research/pstca/
%   With baseKV data take from the PSAP format file from the same site,
%   added manually on 10-Mar-2006.
% 
%   08/25/93 UW ARCHIVE           100.0  1961 W IEEE 118 Bus Test Case

%   MATPOWER

%% MATPOWER Case Format : Version 2
mpc.version = '2';

%%-----  Power Flow Data  -----%%
%% system MVA base
mpc.baseMVA = 100;

%% bus data
%	bus_i	type	Pd	Qd	Gs	Bs	area	Vm	Va	baseKV	zone	Vmax	Vmin
mpc.bus = [
	1	1	54.14	8.66	0	0	1	0.95661	-10.613	138	1	1.05	0.94;	%	Riversde	V2
	2	1	21.23	9.55	0	0	1	0.97187	-9.492	138	1	1.06	0.95;	%	Pokagon	V2
	3	1	41.4	10.62	0	0	1	0.96838	-9.954	138	1	1.06	0.95;	%	HickryCk	V2
	4	2	31.85	12.74	0	0	1	0.998	-7.46	138	1	1.09	0.99;	%	NwCarlsl	V2
	5	1	0	0	0	-40	1	1.00127	-7.084	138	1	1.09	0.99;	%	Olive	V2
	6	2	55.2	23.35	0	0	1	0.99	-8.363	138	1	1.09	0.97;	%	Kankakee	V2
	7	1	20.17	2.12	0	0	1	0.98922	-8.431	138	1	1.09	0.97;	%	JacksnRd	V2
	8	2	0	0	0	0	1	1.015	-3.846	345	1	1.09	0.98;	%	Olive	V1
	9	1	0	0	0	0	1	1.04908	0.03	345	1	1.09	0.98;	%	Bequine	V1
	10	2	0	0	0	0	1	1.05	4.161	345	1	1.09	0.98;	%	Breed	V1
	11	1	74.31	24.42	0	0	1	0.98534	-8.461	138	1	1.08	0.97;	%	SouthBnd	V2
	12	2	49.89	10.62	0	0	1	0.99	-8.17	138	1	1.09	0.98;	%	TwinBrch	V2
	13	1	36.09	16.99	0	0	1	0.9685	-9.379	138	1	1.05	0.95;	%	Concord	V2
	14	1	14.86	1.06	0	0	1	0.98362	-8.574	138	1	1.07	0.98;	%	GoshenJt	V2
	15	2	95.54	31.85	0	0	1	0.97	-7.991	138	1	1.05	0.98;	%	FtWayne	V2
	16	1	26.54	10.62	0	0	1	0.98353	-8.223	138	1	1.07	0.98;	%	N.E.	V2
	17	1	11.68	3.18	0	0	1	0.99422	-5.88	138	1	1.09	0.98;	%	Sorenson	V2
	18	2	63.69	36.09	0	0	1	0.973	-6.782	138	1	1.07	0.98;	%	McKinley	V2
	19	2	47.77	26.54	0	0	1	0.96522	-7.809	138	1	1.06	0.98;	%	Lincoln	V2
	20	1	19.11	3.18	0	0	1	0.96208	-8.157	138	1	1.04	0.96;	%	Adams	V2
	21	1	14.86	8.49	0	0	1	0.96385	-7.473	138	1	1.03	0.95;	%	Jay	V2
	22	1	10.62	5.31	0	0	1	0.97522	-5.948	138	1	1.04	0.97;	%	Randolph	V2
	23	1	7.43	3.18	0	0	1	1.00268	-2.651	138	1	1.09	0.98;	%	CollCrnr	V2
	24	2	0	0	0	0	1	0.992	-3.982	138	1	1.09	0.98;	%	Trenton	V2
	25	2	0	0	0	0	1	1.05	3.201	138	1	1.09	0.98;	%	TannrsCk	V2
	26	2	0	0	0	0	1	1.015	4.482	345	1	1.09	0.98;	%	TannrsCk	V1
	27	2	65.82	13.8	0	0	1	0.968	-5.956	138	1	1.09	0.96;	%	Madison	V2
	28	1	18.05	7.43	0	0	1	0.96147	-6.839	138	1	1.08	0.94;	%	Mullin	V2
	29	1	25.48	4.25	0	0	1	0.96292	-6.891	138	1	1.08	0.93;	%	Grant	V2
	30	1	0	0	0	0	1	0.99153	-3.546	345	1	1.06	0.98;	%	Sorenson	V1
	31	2	45.65	28.66	0	0	1	0.967	-6.439	138	1	1.09	0.94;	%	DeerCrk	V2
	32	2	62.63	24.42	0	0	1	0.96872	-5.386	138	1	1.08	0.97;	%	Delaware	V2
	33	1	24.42	9.55	0	0	2	0.97367	-8.739	138	2	1.04	0.96;	%	Haviland	V2
	34	2	62.63	27.6	0	14	2	0.991	-7.992	138	2	1.08	0.97;	%	Rockhill	V2
	35	1	35.03	9.55	0	0	2	0.98723	-7.963	138	2	1.08	0.96;	%	WestLima	V2
	36	2	32.91	18.05	0	0	2	0.98693	-7.815	138	2	1.08	0.96;	%	Sterling	V2
	37	1	0	0	0	-25	2	0.99643	-7.776	138	2	1.09	0.98;	%	EastLima	V2
	38	1	0	0	0	0	2	0.97176	-5.037	345	2	1.04	0.95;	%	EastLima	V1
	39	1	27	11	0	0	2	0.97263	-9.578	138	2	1.09	0.93;	%	NwLibrty	V2
	40	2	20	23	0	0	2	0.97	-9.742	138	2	1.09	0.93;	%	WestEnd	V2
	41	1	37	10	0	0	2	0.96673	-9.956	138	2	1.09	0.93;	%	S.Tiffin	V2
	42	2	37	23	0	0	2	0.985	-7.725	138	2	1.09	0.92;	%	Howard	V2
	43	1	18	7	0	0	2	0.98352	-8.976	138	2	1.06	0.96;	%	S.Kenton	V2
	44	1	16	8	0	10	2	0.98913	-7.885	138	2	1.06	0.97;	%	WMVernon	V2
	45	1	53	22	0	10	2	0.98982	-6.566	138	2	1.06	0.98;	%	N.Newark	V2
	46	2	28	10	0	10	2	1.005	-3.151	138	2	1.09	0.98;	%	W.Lancst	V2
	47	1	34	0	0	0	2	1.01882	-3.482	138	2	1.09	0.98;	%	Crooksvl	V2
	48	1	20	11	0	15	2	1.02103	-3.685	138	2	1.09	0.98;	%	Zanesvll	V2
	49	2	87	30	0	0	2	1.025	-3.205	138	2	1.09	0.98;	%	Philo	V2
	50	1	17	4	0	0	2	1.00272	-4.259	138	2	1.09	0.99;	%	WCambrdg	V2
	51	1	17	8	0	0	2	0.96993	-5.58	138	2	1.07	0.97;	%	Newcmrst	V2
	52	1	18	5	0	0	2	0.95996	-6.167	138	2	1.06	0.97;	%	SCoshoct	V2
	53	1	23	11	0	0	2	0.94746	-6.142	138	2	1.06	0.96;	%	Wooster	V2
	54	2	113	32	0	0	2	0.955	-4.492	138	2	1.09	0.97;	%	Torrey	V2
	55	2	63	22	0	0	2	0.95542	-4.539	138	2	1.09	0.97;	%	Wagenhls	V2
	56	2	84	18	0	0	2	0.95671	-4.744	138	2	1.09	0.97;	%	Sunnysde	V2
	57	1	12	3	0	0	2	0.97334	-4.939	138	2	1.08	0.98;	%	WNwPhil1	V2
	58	1	12	3	0	0	2	0.96197	-5.522	138	2	1.07	0.97;	%	WNwPhil2	V2
	59	2	277	113	0	0	2	0.985	-5.118	138	2	1.09	0.98;	%	Tidd	V2
	60	1	78	3	0	0	2	0.99328	-3.126	138	2	1.09	0.99;	%	SWKammer	V2
	61	2	0	0	0	0	2	0.995	-2.397	138	2	1.09	0.99;	%	W.Kammer	V2
	62	2	77	14	0	0	2	0.998	-2.859	138	2	1.09	0.98;	%	Natrium	V2
	63	1	0	0	0	0	2	0.97098	-3.138	345	2	1.06	0.96;	%	Tidd	V1
	64	1	0	0	0	0	2	0.98518	-2.132	345	2	1.07	0.98;	%	Kammer	V1
	65	2	0	0	0	0	2	1.005	-0.354	345	2	1.07	0.98;	%	Muskngum	V1
	66	2	39	18	0	0	2	1.05	-1.199	138	2	1.09	0.98;	%	Muskngum	V2
	67	1	28	7	0	0	2	1.02022	-2.756	138	2	1.09	0.98;	%	Summerfl	V2
	68	1	0	0	0	0	2	1.00291	-0.56	345	2	1.08	0.98;	%	Sporn	V1
	69	3	0	0	0	0	2	1.035	0	138	2	1.09	0.98;	%	Sporn	V2
	70	2	66	20	0	0	1	0.98493	-5.176	138	1	1.06	0.98;	%	Portsmth	V2
	71	1	0	0	0	0	1	0.98685	-5.998	138	1	1.06	0.99;	%	NPortsmt	V2
	72	2	0	0	0	0	1	0.98	-5.29	138	1	1.09	0.99;	%	Hillsbro	V2
	73	2	0	0	0	0	1	0.991	-7.175	138	1	1.06	0.99;	%	Sargents	V2
	74	2	68	27	0	12	1	0.958	-6.439	138	1	1.03	0.93;	%	Bellefnt	V2
	75	1	47	11	0	0	1	0.97388	-5.419	138	1	1.04	0.94;	%	SthPoint	V2
	76	2	68	36	0	0	2	0.943	-5.21	138	2	1.02	0.93;	%	Darrah	V2
	77	2	61	28	0	0	2	1.006	-3.226	138	2	1.08	0.98;	%	Turner	V2
	78	1	71	26	0	0	2	1.01258	-3.735	138	2	1.07	0.99;	%	Chemical	V2
	79	1	39	32	0	20	2	1.01625	-3.86	138	2	1.07	0.99;	%	CapitlHl	V2
	80	2	130	26	0	0	2	1.04	-2.803	138	2	1.09	0.99;	%	CabinCrk	V2
	81	1	0	0	0	0	2	0.99518	-1.386	345	2	1.07	0.98;	%	Kanawha	V1
	82	2	54	27	0	20	3	1	-4.327	138	3	1.09	0.98;	%	Logan	V2
	83	1	20	10	0	10	3	0.99536	-4.25	138	3	1.07	0.99;	%	Sprigg	V2
	84	1	11	7	0	0	3	0.98687	-3.499	138	3	1.03	0.96;	%	BetsyLne	V2
	85	2	24	15	0	0	3	0.985	-2.81	138	3	1.02	0.96;	%	BeaverCk	V2
	86	1	21	10	0	0	3	0.9927	-0.458	138	3	0.96	0.93;	%	Hazard	V2
	87	2	0	0	0	0	3	1.015	5.694	161	3	1.09	0.98;	%	Pinevlle	V3
	88	1	48	10	0	0	3	0.99121	-3.477	138	3	1.06	0.98;	%	Fremont	V2
	89	2	0	0	0	0	3	1.005	-2.031	138	3	1.09	0.98;	%	ClinchRv	V2
	90	2	78	42	0	0	3	0.985	-5.733	138	3	1.09	0.98;	%	Holston	V2
	91	2	0	0	0	0	3	0.98	-5.934	138	3	1.09	0.98;	%	HolstonT	V2
	92	2	65	10	0	0	3	0.99	-2.84	138	3	1.09	0.98;	%	Saltvlle	V2
	93	1	12	7	0	0	3	0.99583	-3.729	138	3	1.08	0.98;	%	Tazewell	V2
	94	1	30	16	0	0	3	0.99686	-4.058	138	3	1.07	0.98;	%	Switchbk	V2
	95	1	42	31	0	0	3	0.98761	-4.74	138	3	1.05	0.98;	%	Caldwell	V2
	96	1	38	15	0	0	3	0.99965	-4.556	138	3	1.07	0.98;	%	Baileysv	V2
	97	1	15	9	0	0	2	1.01493	-4.031	138	2	1.08	0.98;	%	Sundial	V2
	98	1	34	8	0	0	2	1.02353	-3.955	138	2	1.08	0.98;	%	Bradley	V2
	99	2	0	0	0	0	2	1.01	-4.436	138	2	1.09	0.98;	%	Hinton	V2
	100	2	37	18	0	0	3	1.017	-2.644	138	3	1.09	0.98;	%	GlenLyn	V2
	101	1	22	15	0	0	3	0.99798	-3.587	138	3	1.08	0.98;	%	Wythe	V2
	102	1	5	3	0	0	3	1.00002	-3.191	138	3	1.09	0.98;	%	Smythe	V2
	103	2	23	16	0	0	3	1.01	-2.374	138	3	1.09	0.98;	%	Claytor	V2
	104	2	38	25	0	0	3	0.971	-2.091	138	3	1.08	0.99;	%	Hancock	V2
	105	2	31	26	0	20	3	0.99412	-1.861	138	3	1.08	0.98;	%	Roanoke	V2
	106	1	43	16	0	0	3	0.98175	-3.146	138	3	1.07	0.96;	%	Cloverdl	V2
	107	2	28	12	0	6	3	0.952	-3.487	138	3	1.06	0.94;	%	Reusens	V2
	108	1	2	1	0	0	3	0.98403	-0.773	138	3	1.08	0.98;	%	Blaine	V2
	109	1	8	3	0	0	3	0.98011	-0.288	138	3	1.08	0.98;	%	Franklin	V2
	110	2	39	30	0	6	3	0.97379	1.349	138	3	1.09	0.97;	%	Fieldale	V2
	111	2	0	0	0	0	3	0.98	3.736	138	3	1.09	0.97;	%	DanRiver	V2
	112	2	25	13	0	0	3	0.975	2.634	138	3	1.09	0.97;	%	Danville	V2
	113	2	0	0	0	0	1	0.993	-4.632	138	1	1.09	0.98;	%	DeerCrk	V2
	114	1	8.49	3.18	0	0	1	0.96343	-6.185	138	1	1.08	0.96;	%	WMedford	V2
